action,time
issue,2013-09-03 12:26:19
comment,2013-09-10 19:39:44
pull_request,2013-09-11 02:06:50
fork,2013-09-11 03:56:28
comment,2013-09-11 05:57:35
issue,2013-09-11 07:29:54
comment,2013-09-11 10:25:54
comment,2013-09-11 10:32:41
comment,2013-09-11 11:00:50
comment,2013-09-11 11:12:28
comment,2013-09-11 11:47:42
comment,2013-09-11 12:30:45
comment,2013-10-09 06:49:02
subscribed,2013-10-09 15:51:21
comment,2013-10-14 07:58:52
pull_request,2013-10-21 20:01:34
comment,2013-10-21 20:10:15
comment,2013-10-23 12:39:42
issue,2013-11-05 22:50:57
comment,2013-11-19 22:15:29
comment,2013-11-25 20:02:07
comment,2013-12-30 13:06:14
issue,2014-04-01 09:36:10
issue,2014-04-29 18:14:57
subscribed,2014-04-30 13:01:06
comment,2014-04-30 17:07:36
subscribed,2014-04-30 17:33:44
comment,2014-04-30 17:36:32
comment,2014-04-30 17:41:27
comment,2014-04-30 17:46:30
pull_request,2014-04-30 17:52:05
comment,2014-05-01 19:26:13
issue,2014-05-25 18:41:03
issue,2014-05-25 18:41:03
comment,2014-05-27 19:51:21
pull_request,2014-05-29 16:56:37
comment,2014-05-29 17:01:32
pull_request,2014-06-16 20:39:12
issue,2015-12-16 16:22:41
